Matriz 1
1 1 1 1 1 1 1 1 1 1 
1 1 1 1 1 1 1 1 1 1 
1 1 1 1 1 1 1 1 1 1 
1 1 1 1 1 1 1 1 1 1 
1 1 1 1 1 1 1 1 1 1 
1 1 1 1 1 1 1 1 1 1 
1 1 1 1 1 1 1 1 1 1 
1 1 1 1 1 1 1 1 1 1 
1 1 1 1 1 1 1 1 1 1 
1 1 1 1 1 1 1 1 1 1 

Matriz 2
1 1 1 1 1 1 1 1 1 1 
1 1 1 1 1 1 1 1 1 1 
1 1 1 1 1 1 1 1 1 1 
1 1 1 1 1 1 1 1 1 1 
1 1 1 1 1 1 1 1 1 1 
1 1 1 1 1 1 1 1 1 1 
1 1 1 1 1 1 1 1 1 1 
1 1 1 1 1 1 1 1 1 1 
1 1 1 1 1 1 1 1 1 1 
1 1 1 1 1 1 1 1 1 1 

Resultado 2
10 10 10 10 10 10 10 10 10 10 
10 10 10 10 10 10 10 10 10 10 
10 10 10 10 10 10 10 10 10 10 
10 10 10 10 10 10 10 10 10 10 
10 10 10 10 10 10 10 10 10 10 
10 10 10 10 10 10 10 10 10 10 
10 10 10 10 10 10 10 10 10 10 
10 10 10 10 10 10 10 10 10 10 
10 10 10 10 10 10 10 10 10 10 
10 10 10 10 10 10 10 10 10 10 

